[[[-1.30848676e-01 -1.00000000e+00 -1.00000000e+00 -1.00000000e+00
   -1.00000000e+00 -1.24147303e-01  5.72038174e-01  8.11502278e-01
   -1.00000000e+00 -1.00000000e+00 -1.00000000e+00 -1.00000000e+00
   -5.80194712e-01 -1.29199281e-01 -1.00000000e+00  1.70906651e+00
    1.47641873e+00 -1.00000000e+00 -2.04712167e-01  9.44396305e+00
    1.00000000e+00  3.09366281e+05  6.73791733e+01  7.93188705e+01
    2.25386292e-01  2.62363106e-01  3.13865572e-01  2.64732987e-01
   -1.00000000e+00 -1.00000000e+00 -1.00000000e+00 -1.00000000e+00
   -1.00000000e+00 -1.00000000e+00 -1.00000000e+00 -1.00000000e+00
   -1.00000000e+00 -1.00000000e+00 -1.00000000e+00 -1.00000000e+00
    7.08321691e-01  6.81319118e-01 -1.00000000e+00 -1.00000000e+00
   -1.00000000e+00 -1.00000000e+00 -1.00000000e+00 -1.00000000e+00
   -1.00000000e+00 -1.00000000e+00  5.83605766e-01  5.11410046e+00
   -1.00000000e+00 -1.00000000e+00 -1.00000000e+00 -1.00000000e+00
   -1.00000000e+00 -1.00000000e+00 -1.00000000e+00 -1.00000000e+00
   -1.00000000e+00 -1.00000000e+00 -1.00000000e+00 -1.00000000e+00
   -1.00000000e+00 -1.00000000e+00 -1.00000000e+00 -1.00000000e+00
   -1.00000000e+00 -1.00000000e+00 -1.00000000e+00 -1.00000000e+00
   -1.00000000e+00 -1.00000000e+00 -1.00000000e+00 -1.00000000e+00
   -1.00000000e+00 -1.00000000e+00 -1.00000000e+00 -1.00000000e+00
   -1.00000000e+00 -1.00000000e+00 -1.00000000e+00 -1.00000000e+00
   -1.00000000e+00 -1.00000000e+00 -1.00000000e+00 -1.00000000e+00
   -1.00000000e+00 -1.00000000e+00 -1.00000000e+00 -1.00000000e+00
   -1.00000000e+00 -1.00000000e+00 -1.00000000e+00 -1.00000000e+00
   -1.00000000e+00 -1.00000000e+00 -1.00000000e+00 -1.00000000e+00
   -1.00000000e+00 -1.00000000e+00 -1.00000000e+00 -1.00000000e+00
   -1.00000000e+00 -1.00000000e+00 -1.00000000e+00 -1.00000000e+00
   -1.00000000e+00 -1.00000000e+00 -1.00000000e+00 -1.00000000e+00
   -1.00000000e+00]
  [-1.44139513e-01 -1.00000000e+00 -1.00000000e+00 -1.00000000e+00
   -1.00000000e+00 -1.61553442e-01  7.95295835e-01  7.34282136e-01
   -1.00000000e+00 -1.00000000e+00 -1.00000000e+00 -1.00000000e+00
   -5.68789959e-01 -1.52904585e-01 -1.00000000e+00  1.64164555e+00
    1.46320498e+00 -1.00000000e+00 -2.20847875e-01  9.01429653e+00
    1.00000000e+00  3.07385781e+05  7.37854996e+01  7.16553192e+01
    3.14650804e-01  2.74180412e-01  3.65530819e-01  2.10279733e-01
   -1.00000000e+00 -1.00000000e+00 -1.00000000e+00 -1.00000000e+00
   -1.00000000e+00 -1.00000000e+00 -1.00000000e+00 -1.00000000e+00
   -1.00000000e+00 -1.00000000e+00 -1.00000000e+00 -1.00000000e+00
    7.55302548e-01  7.16292143e-01 -1.00000000e+00 -1.00000000e+00
   -1.00000000e+00 -1.00000000e+00 -1.00000000e+00 -1.00000000e+00
   -1.00000000e+00 -1.00000000e+00  5.69927931e-01  5.09376335e+00
   -1.00000000e+00 -1.00000000e+00 -1.00000000e+00 -1.00000000e+00
   -1.00000000e+00 -1.00000000e+00 -1.00000000e+00 -1.00000000e+00
   -1.00000000e+00 -1.00000000e+00 -1.00000000e+00 -1.00000000e+00
   -1.00000000e+00 -1.00000000e+00 -1.00000000e+00 -1.00000000e+00
   -1.00000000e+00 -1.00000000e+00 -1.00000000e+00 -1.00000000e+00
   -1.00000000e+00 -1.00000000e+00 -1.00000000e+00 -1.00000000e+00
   -1.00000000e+00 -1.00000000e+00 -1.00000000e+00 -1.00000000e+00
   -1.00000000e+00 -1.00000000e+00 -1.00000000e+00 -1.00000000e+00
   -1.00000000e+00 -1.00000000e+00 -1.00000000e+00 -1.00000000e+00
   -1.00000000e+00 -1.00000000e+00 -1.00000000e+00 -1.00000000e+00
   -1.00000000e+00 -1.00000000e+00 -1.00000000e+00 -1.00000000e+00
   -1.00000000e+00 -1.00000000e+00 -1.00000000e+00 -1.00000000e+00
   -1.00000000e+00 -1.00000000e+00 -1.00000000e+00 -1.00000000e+00
   -1.00000000e+00 -1.00000000e+00 -1.00000000e+00 -1.00000000e+00
   -1.00000000e+00 -1.00000000e+00 -1.00000000e+00 -1.00000000e+00
   -1.00000000e+00]
  [-8.86227563e-02 -1.00000000e+00 -1.00000000e+00 -1.00000000e+00
   -1.00000000e+00 -1.25935957e-01  6.43819690e-01  7.19915390e-01
   -1.00000000e+00 -1.00000000e+00 -1.00000000e+00 -1.00000000e+00
   -5.70642114e-01 -1.23609975e-01 -1.00000000e+00  1.64848828e+00
    1.51075935e+00 -1.00000000e+00 -1.89706042e-01  8.88785076e+00
    1.00000000e+00  3.21375969e+05  7.39331284e+01  7.43224106e+01
    3.13874304e-01  3.18847716e-01  2.45350927e-01  2.72171855e-01
   -1.00000000e+00 -1.00000000e+00 -1.00000000e+00 -1.00000000e+00
   -1.00000000e+00 -1.00000000e+00 -1.00000000e+00 -1.00000000e+00
   -1.00000000e+00 -1.00000000e+00 -1.00000000e+00 -1.00000000e+00
    9.03119862e-01  6.15228772e-01 -1.00000000e+00 -1.00000000e+00
   -1.00000000e+00 -1.00000000e+00 -1.00000000e+00 -1.00000000e+00
   -1.00000000e+00 -1.00000000e+00  5.85822105e-01  5.13907862e+00
   -1.00000000e+00 -1.00000000e+00 -1.00000000e+00 -1.00000000e+00
   -1.00000000e+00 -1.00000000e+00 -1.00000000e+00 -1.00000000e+00
   -1.00000000e+00 -1.00000000e+00 -1.00000000e+00 -1.00000000e+00
   -1.00000000e+00 -1.00000000e+00 -1.00000000e+00 -1.00000000e+00
   -1.00000000e+00 -1.00000000e+00 -1.00000000e+00 -1.00000000e+00
   -1.00000000e+00 -1.00000000e+00 -1.00000000e+00 -1.00000000e+00
   -1.00000000e+00 -1.00000000e+00 -1.00000000e+00 -1.00000000e+00
   -1.00000000e+00 -1.00000000e+00 -1.00000000e+00 -1.00000000e+00
   -1.00000000e+00 -1.00000000e+00 -1.00000000e+00 -1.00000000e+00
   -1.00000000e+00 -1.00000000e+00 -1.00000000e+00 -1.00000000e+00
   -1.00000000e+00 -1.00000000e+00 -1.00000000e+00 -1.00000000e+00
   -1.00000000e+00 -1.00000000e+00 -1.00000000e+00 -1.00000000e+00
   -1.00000000e+00 -1.00000000e+00 -1.00000000e+00 -1.00000000e+00
   -1.00000000e+00 -1.00000000e+00 -1.00000000e+00 -1.00000000e+00
   -1.00000000e+00 -1.00000000e+00 -1.00000000e+00 -1.00000000e+00
   -1.00000000e+00]
  [-1.23377964e-01 -1.00000000e+00 -1.00000000e+00 -1.00000000e+00
   -1.00000000e+00 -2.19807014e-01  6.84605598e-01  6.53450489e-01
   -1.00000000e+00 -1.00000000e+00 -1.00000000e+00 -1.00000000e+00
   -5.75293064e-01 -9.50672030e-02 -1.00000000e+00  1.53230071e+00
    1.50561976e+00 -1.00000000e+00 -2.39315033e-01  9.23621464e+00
    1.00000000e+00  3.19966031e+05  7.00375137e+01  7.27054749e+01
    3.14293057e-01  2.88420171e-01  3.38045239e-01  2.16605797e-01
   -1.00000000e+00 -1.00000000e+00 -1.00000000e+00 -1.00000000e+00
   -1.00000000e+00 -1.00000000e+00 -1.00000000e+00 -1.00000000e+00
   -1.00000000e+00 -1.00000000e+00 -1.00000000e+00 -1.00000000e+00
    7.03279376e-01  8.18853259e-01 -1.00000000e+00 -1.00000000e+00
   -1.00000000e+00 -1.00000000e+00 -1.00000000e+00 -1.00000000e+00
   -1.00000000e+00 -1.00000000e+00  5.68538547e-01  5.01879644e+00
   -1.00000000e+00 -1.00000000e+00 -1.00000000e+00 -1.00000000e+00
   -1.00000000e+00 -1.00000000e+00 -1.00000000e+00 -1.00000000e+00
   -1.00000000e+00 -1.00000000e+00 -1.00000000e+00 -1.00000000e+00
   -1.00000000e+00 -1.00000000e+00 -1.00000000e+00 -1.00000000e+00
   -1.00000000e+00 -1.00000000e+00 -1.00000000e+00 -1.00000000e+00
   -1.00000000e+00 -1.00000000e+00 -1.00000000e+00 -1.00000000e+00
   -1.00000000e+00 -1.00000000e+00 -1.00000000e+00 -1.00000000e+00
   -1.00000000e+00 -1.00000000e+00 -1.00000000e+00 -1.00000000e+00
   -1.00000000e+00 -1.00000000e+00 -1.00000000e+00 -1.00000000e+00
   -1.00000000e+00 -1.00000000e+00 -1.00000000e+00 -1.00000000e+00
   -1.00000000e+00 -1.00000000e+00 -1.00000000e+00 -1.00000000e+00
   -1.00000000e+00 -1.00000000e+00 -1.00000000e+00 -1.00000000e+00
   -1.00000000e+00 -1.00000000e+00 -1.00000000e+00 -1.00000000e+00
   -1.00000000e+00 -1.00000000e+00 -1.00000000e+00 -1.00000000e+00
   -1.00000000e+00 -1.00000000e+00 -1.00000000e+00 -1.00000000e+00
   -1.00000000e+00]
  [-1.61353692e-01 -1.00000000e+00 -1.00000000e+00 -1.00000000e+00
   -1.00000000e+00 -1.20682441e-01  7.75700390e-01  6.60363674e-01
   -1.00000000e+00 -1.00000000e+00 -1.00000000e+00 -1.00000000e+00
   -5.57512641e-01 -1.32420078e-01 -1.00000000e+00  1.45598590e+00
    1.47867239e+00 -1.00000000e+00 -1.77509248e-01  9.43201542e+00
    1.00000000e+00  2.96368500e+05  8.48780746e+01  7.12941589e+01
    3.13087314e-01  3.64515007e-01  3.79324853e-01  2.46611089e-01
   -1.00000000e+00 -1.00000000e+00 -1.00000000e+00 -1.00000000e+00
   -1.00000000e+00 -1.00000000e+00 -1.00000000e+00 -1.00000000e+00
   -1.00000000e+00 -1.00000000e+00 -1.00000000e+00 -1.00000000e+00
    6.32278442e-01  6.68546498e-01 -1.00000000e+00 -1.00000000e+00
   -1.00000000e+00 -1.00000000e+00 -1.00000000e+00 -1.00000000e+00
   -1.00000000e+00 -1.00000000e+00  5.54726422e-01  4.77740383e+00
   -1.00000000e+00 -1.00000000e+00 -1.00000000e+00 -1.00000000e+00
   -1.00000000e+00 -1.00000000e+00 -1.00000000e+00 -1.00000000e+00
   -1.00000000e+00 -1.00000000e+00 -1.00000000e+00 -1.00000000e+00
   -1.00000000e+00 -1.00000000e+00 -1.00000000e+00 -1.00000000e+00
   -1.00000000e+00 -1.00000000e+00 -1.00000000e+00 -1.00000000e+00
   -1.00000000e+00 -1.00000000e+00 -1.00000000e+00 -1.00000000e+00
   -1.00000000e+00 -1.00000000e+00 -1.00000000e+00 -1.00000000e+00
   -1.00000000e+00 -1.00000000e+00 -1.00000000e+00 -1.00000000e+00
   -1.00000000e+00 -1.00000000e+00 -1.00000000e+00 -1.00000000e+00
   -1.00000000e+00 -1.00000000e+00 -1.00000000e+00 -1.00000000e+00
   -1.00000000e+00 -1.00000000e+00 -1.00000000e+00 -1.00000000e+00
   -1.00000000e+00 -1.00000000e+00 -1.00000000e+00 -1.00000000e+00
   -1.00000000e+00 -1.00000000e+00 -1.00000000e+00 -1.00000000e+00
   -1.00000000e+00 -1.00000000e+00 -1.00000000e+00 -1.00000000e+00
   -1.00000000e+00 -1.00000000e+00 -1.00000000e+00 -1.00000000e+00
   -1.00000000e+00]
  [ 1.70812413e-01 -1.00000000e+00 -1.00000000e+00 -1.00000000e+00
   -1.00000000e+00 -1.44845694e-01  7.89627075e-01  7.38322020e-01
   -1.00000000e+00 -1.00000000e+00 -1.00000000e+00 -1.00000000e+00
   -5.80459356e-01 -1.43814087e-01 -1.00000000e+00  1.45957756e+00
    1.73819673e+00 -1.00000000e+00 -1.96240932e-01  9.20403385e+00
    1.00000000e+00  3.23527000e+05  7.60767975e+01  7.84160004e+01
    2.91299880e-01  3.08655083e-01  2.69653380e-01  2.69940436e-01
   -1.00000000e+00 -1.00000000e+00 -1.00000000e+00 -1.00000000e+00
   -1.00000000e+00 -1.00000000e+00 -1.00000000e+00 -1.00000000e+00
   -1.00000000e+00 -1.00000000e+00 -1.00000000e+00 -1.00000000e+00
    8.58486891e-01  7.08356082e-01 -1.00000000e+00 -1.00000000e+00
   -1.00000000e+00 -1.00000000e+00 -1.00000000e+00 -1.00000000e+00
   -1.00000000e+00 -1.00000000e+00  5.92398405e-01  5.88367748e+00
   -1.00000000e+00 -1.00000000e+00 -1.00000000e+00 -1.00000000e+00
   -1.00000000e+00 -1.00000000e+00 -1.00000000e+00 -1.00000000e+00
   -1.00000000e+00 -1.00000000e+00 -1.00000000e+00 -1.00000000e+00
   -1.00000000e+00 -1.00000000e+00 -1.00000000e+00 -1.00000000e+00
   -1.00000000e+00 -1.00000000e+00 -1.00000000e+00 -1.00000000e+00
   -1.00000000e+00 -1.00000000e+00 -1.00000000e+00 -1.00000000e+00
   -1.00000000e+00 -1.00000000e+00 -1.00000000e+00 -1.00000000e+00
   -1.00000000e+00 -1.00000000e+00 -1.00000000e+00 -1.00000000e+00
   -1.00000000e+00 -1.00000000e+00 -1.00000000e+00 -1.00000000e+00
   -1.00000000e+00 -1.00000000e+00 -1.00000000e+00 -1.00000000e+00
   -1.00000000e+00 -1.00000000e+00 -1.00000000e+00 -1.00000000e+00
   -1.00000000e+00 -1.00000000e+00 -1.00000000e+00 -1.00000000e+00
   -1.00000000e+00 -1.00000000e+00 -1.00000000e+00 -1.00000000e+00
   -1.00000000e+00 -1.00000000e+00 -1.00000000e+00 -1.00000000e+00
   -1.00000000e+00 -1.00000000e+00 -1.00000000e+00 -1.00000000e+00
   -1.00000000e+00]
  [ 1.09256610e-01 -1.00000000e+00 -1.00000000e+00 -1.00000000e+00
   -1.00000000e+00 -1.48880541e-01  6.87801421e-01  7.62543082e-01
   -1.00000000e+00 -1.00000000e+00 -1.00000000e+00 -1.00000000e+00
   -5.82893610e-01 -2.20182076e-01 -1.00000000e+00  1.41074443e+00
    1.79773486e+00 -1.00000000e+00 -1.79789513e-01  9.23113728e+00
    1.00000000e+00  3.30037094e+05  7.18040543e+01  7.29930267e+01
    2.83924311e-01  2.58921474e-01  3.89240474e-01  2.54348785e-01
   -1.00000000e+00 -1.00000000e+00 -1.00000000e+00 -1.00000000e+00
   -1.00000000e+00 -1.00000000e+00 -1.00000000e+00 -1.00000000e+00
   -1.00000000e+00 -1.00000000e+00 -1.00000000e+00 -1.00000000e+00
    7.73388326e-01  6.47197962e-01 -1.00000000e+00 -1.00000000e+00
   -1.00000000e+00 -1.00000000e+00 -1.00000000e+00 -1.00000000e+00
   -1.00000000e+00 -1.00000000e+00  5.78198016e-01  7.16157961e+00
   -1.00000000e+00 -1.00000000e+00 -1.00000000e+00 -1.00000000e+00
   -1.00000000e+00 -1.00000000e+00 -1.00000000e+00 -1.00000000e+00
   -1.00000000e+00 -1.00000000e+00 -1.00000000e+00 -1.00000000e+00
   -1.00000000e+00 -1.00000000e+00 -1.00000000e+00 -1.00000000e+00
   -1.00000000e+00 -1.00000000e+00 -1.00000000e+00 -1.00000000e+00
   -1.00000000e+00 -1.00000000e+00 -1.00000000e+00 -1.00000000e+00
   -1.00000000e+00 -1.00000000e+00 -1.00000000e+00 -1.00000000e+00
   -1.00000000e+00 -1.00000000e+00 -1.00000000e+00 -1.00000000e+00
   -1.00000000e+00 -1.00000000e+00 -1.00000000e+00 -1.00000000e+00
   -1.00000000e+00 -1.00000000e+00 -1.00000000e+00 -1.00000000e+00
   -1.00000000e+00 -1.00000000e+00 -1.00000000e+00 -1.00000000e+00
   -1.00000000e+00 -1.00000000e+00 -1.00000000e+00 -1.00000000e+00
   -1.00000000e+00 -1.00000000e+00 -1.00000000e+00 -1.00000000e+00
   -1.00000000e+00 -1.00000000e+00 -1.00000000e+00 -1.00000000e+00
   -1.00000000e+00 -1.00000000e+00 -1.00000000e+00 -1.00000000e+00
   -1.00000000e+00]
  [-1.62648156e-01 -1.00000000e+00 -1.00000000e+00 -1.00000000e+00
   -1.00000000e+00 -1.21090740e-01  5.99213719e-01  8.18417430e-01
   -1.00000000e+00 -1.00000000e+00 -1.00000000e+00 -1.00000000e+00
   -5.61787724e-01 -1.43986329e-01 -1.00000000e+00  1.51986885e+00
    1.60594392e+00 -1.00000000e+00 -2.00919628e-01  9.20104694e+00
    1.00000000e+00  3.14014500e+05  7.27113190e+01  7.78612137e+01
    2.33902156e-01  3.63119483e-01  4.11122411e-01  3.47525388e-01
   -1.00000000e+00 -1.00000000e+00 -1.00000000e+00 -1.00000000e+00
   -1.00000000e+00 -1.00000000e+00 -1.00000000e+00 -1.00000000e+00
   -1.00000000e+00 -1.00000000e+00 -1.00000000e+00 -1.00000000e+00
    8.17697644e-01  6.04937911e-01 -1.00000000e+00 -1.00000000e+00
   -1.00000000e+00 -1.00000000e+00 -1.00000000e+00 -1.00000000e+00
   -1.00000000e+00 -1.00000000e+00  6.04295373e-01  7.42029667e+00
   -1.00000000e+00 -1.00000000e+00 -1.00000000e+00 -1.00000000e+00
   -1.00000000e+00 -1.00000000e+00 -1.00000000e+00 -1.00000000e+00
   -1.00000000e+00 -1.00000000e+00 -1.00000000e+00 -1.00000000e+00
   -1.00000000e+00 -1.00000000e+00 -1.00000000e+00 -1.00000000e+00
   -1.00000000e+00 -1.00000000e+00 -1.00000000e+00 -1.00000000e+00
   -1.00000000e+00 -1.00000000e+00 -1.00000000e+00 -1.00000000e+00
   -1.00000000e+00 -1.00000000e+00 -1.00000000e+00 -1.00000000e+00
   -1.00000000e+00 -1.00000000e+00 -1.00000000e+00 -1.00000000e+00
   -1.00000000e+00 -1.00000000e+00 -1.00000000e+00 -1.00000000e+00
   -1.00000000e+00 -1.00000000e+00 -1.00000000e+00 -1.00000000e+00
   -1.00000000e+00 -1.00000000e+00 -1.00000000e+00 -1.00000000e+00
   -1.00000000e+00 -1.00000000e+00 -1.00000000e+00 -1.00000000e+00
   -1.00000000e+00 -1.00000000e+00 -1.00000000e+00 -1.00000000e+00
   -1.00000000e+00 -1.00000000e+00 -1.00000000e+00 -1.00000000e+00
   -1.00000000e+00 -1.00000000e+00 -1.00000000e+00 -1.00000000e+00
   -1.00000000e+00]
  [ 1.71935707e-01 -1.00000000e+00 -1.00000000e+00 -1.00000000e+00
   -1.00000000e+00 -1.67740688e-01  7.10093081e-01  6.41696215e-01
   -1.00000000e+00 -1.00000000e+00 -1.00000000e+00 -1.00000000e+00
   -5.64546347e-01 -1.39273465e-01 -1.00000000e+00  1.54876292e+00
    1.51983154e+00 -1.00000000e+00 -2.10114047e-01  9.02391720e+00
    1.00000000e+00  3.15275031e+05  7.60553589e+01  6.51637192e+01
    2.76955128e-01  3.43274325e-01  2.67117321e-01  2.53037661e-01
   -1.00000000e+00 -1.00000000e+00 -1.00000000e+00 -1.00000000e+00
   -1.00000000e+00 -1.00000000e+00 -1.00000000e+00 -1.00000000e+00
   -1.00000000e+00 -1.00000000e+00 -1.00000000e+00 -1.00000000e+00
    6.76080227e-01  7.18205929e-01 -1.00000000e+00 -1.00000000e+00
   -1.00000000e+00 -1.00000000e+00 -1.00000000e+00 -1.00000000e+00
   -1.00000000e+00 -1.00000000e+00  5.70131302e-01  7.16402102e+00
   -1.00000000e+00 -1.00000000e+00 -1.00000000e+00 -1.00000000e+00
   -1.00000000e+00 -1.00000000e+00 -1.00000000e+00 -1.00000000e+00
   -1.00000000e+00 -1.00000000e+00 -1.00000000e+00 -1.00000000e+00
   -1.00000000e+00 -1.00000000e+00 -1.00000000e+00 -1.00000000e+00
   -1.00000000e+00 -1.00000000e+00 -1.00000000e+00 -1.00000000e+00
   -1.00000000e+00 -1.00000000e+00 -1.00000000e+00 -1.00000000e+00
   -1.00000000e+00 -1.00000000e+00 -1.00000000e+00 -1.00000000e+00
   -1.00000000e+00 -1.00000000e+00 -1.00000000e+00 -1.00000000e+00
   -1.00000000e+00 -1.00000000e+00 -1.00000000e+00 -1.00000000e+00
   -1.00000000e+00 -1.00000000e+00 -1.00000000e+00 -1.00000000e+00
   -1.00000000e+00 -1.00000000e+00 -1.00000000e+00 -1.00000000e+00
   -1.00000000e+00 -1.00000000e+00 -1.00000000e+00 -1.00000000e+00
   -1.00000000e+00 -1.00000000e+00 -1.00000000e+00 -1.00000000e+00
   -1.00000000e+00 -1.00000000e+00 -1.00000000e+00 -1.00000000e+00
   -1.00000000e+00 -1.00000000e+00 -1.00000000e+00 -1.00000000e+00
   -1.00000000e+00]
  [ 1.17421724e-01 -1.00000000e+00 -1.00000000e+00 -1.00000000e+00
   -1.00000000e+00 -1.85861230e-01  7.30834961e-01  8.13469470e-01
   -1.00000000e+00 -1.00000000e+00 -1.00000000e+00 -1.00000000e+00
   -5.85770845e-01 -1.48008823e-01 -1.00000000e+00  1.71625316e+00
    1.72912621e+00 -1.00000000e+00 -2.10039243e-01  8.70997429e+00
    1.00000000e+00  3.34886938e+05  7.77913818e+01  7.65998764e+01
    3.16971391e-01  2.62521118e-01  3.36060256e-01  2.86201656e-01
   -1.00000000e+00 -1.00000000e+00 -1.00000000e+00 -1.00000000e+00
   -1.00000000e+00 -1.00000000e+00 -1.00000000e+00 -1.00000000e+00
   -1.00000000e+00 -1.00000000e+00 -1.00000000e+00 -1.00000000e+00
    8.24608862e-01  7.41535127e-01 -1.00000000e+00 -1.00000000e+00
   -1.00000000e+00 -1.00000000e+00 -1.00000000e+00 -1.00000000e+00
   -1.00000000e+00 -1.00000000e+00  5.81104279e-01  7.02730465e+00
   -1.00000000e+00 -1.00000000e+00 -1.00000000e+00 -1.00000000e+00
   -1.00000000e+00 -1.00000000e+00 -1.00000000e+00 -1.00000000e+00
   -1.00000000e+00 -1.00000000e+00 -1.00000000e+00 -1.00000000e+00
   -1.00000000e+00 -1.00000000e+00 -1.00000000e+00 -1.00000000e+00
   -1.00000000e+00 -1.00000000e+00 -1.00000000e+00 -1.00000000e+00
   -1.00000000e+00 -1.00000000e+00 -1.00000000e+00 -1.00000000e+00
   -1.00000000e+00 -1.00000000e+00 -1.00000000e+00 -1.00000000e+00
   -1.00000000e+00 -1.00000000e+00 -1.00000000e+00 -1.00000000e+00
   -1.00000000e+00 -1.00000000e+00 -1.00000000e+00 -1.00000000e+00
   -1.00000000e+00 -1.00000000e+00 -1.00000000e+00 -1.00000000e+00
   -1.00000000e+00 -1.00000000e+00 -1.00000000e+00 -1.00000000e+00
   -1.00000000e+00 -1.00000000e+00 -1.00000000e+00 -1.00000000e+00
   -1.00000000e+00 -1.00000000e+00 -1.00000000e+00 -1.00000000e+00
   -1.00000000e+00 -1.00000000e+00 -1.00000000e+00 -1.00000000e+00
   -1.00000000e+00 -1.00000000e+00 -1.00000000e+00 -1.00000000e+00
   -1.00000000e+00]
  [-1.24880433e-01 -1.00000000e+00 -1.00000000e+00 -1.00000000e+00
   -1.00000000e+00 -1.50641948e-01  7.90915608e-01  7.02192783e-01
   -1.00000000e+00 -1.00000000e+00 -1.00000000e+00 -1.00000000e+00
   -5.78185737e-01 -1.42128482e-01 -1.00000000e+00  1.63651037e+00
    1.57972634e+00 -1.00000000e+00 -1.50608018e-01  9.56931973e+00
    1.00000000e+00  3.07281188e+05  7.17796326e+01  6.69357452e+01
    2.85233051e-01  2.54337311e-01  2.55266905e-01  3.43586117e-01
   -1.00000000e+00 -1.00000000e+00 -1.00000000e+00 -1.00000000e+00
   -1.00000000e+00 -1.00000000e+00 -1.00000000e+00 -1.00000000e+00
   -1.00000000e+00 -1.00000000e+00 -1.00000000e+00 -1.00000000e+00
    7.42021561e-01  4.95706379e-01 -1.00000000e+00 -1.00000000e+00
   -1.00000000e+00 -1.00000000e+00 -1.00000000e+00 -1.00000000e+00
   -1.00000000e+00 -1.00000000e+00  5.71960211e-01  7.25629330e+00
   -1.00000000e+00 -1.00000000e+00 -1.00000000e+00 -1.00000000e+00
   -1.00000000e+00 -1.00000000e+00 -1.00000000e+00 -1.00000000e+00
   -1.00000000e+00 -1.00000000e+00 -1.00000000e+00 -1.00000000e+00
   -1.00000000e+00 -1.00000000e+00 -1.00000000e+00 -1.00000000e+00
   -1.00000000e+00 -1.00000000e+00 -1.00000000e+00 -1.00000000e+00
   -1.00000000e+00 -1.00000000e+00 -1.00000000e+00 -1.00000000e+00
   -1.00000000e+00 -1.00000000e+00 -1.00000000e+00 -1.00000000e+00
   -1.00000000e+00 -1.00000000e+00 -1.00000000e+00 -1.00000000e+00
   -1.00000000e+00 -1.00000000e+00 -1.00000000e+00 -1.00000000e+00
   -1.00000000e+00 -1.00000000e+00 -1.00000000e+00 -1.00000000e+00
   -1.00000000e+00 -1.00000000e+00 -1.00000000e+00 -1.00000000e+00
   -1.00000000e+00 -1.00000000e+00 -1.00000000e+00 -1.00000000e+00
   -1.00000000e+00 -1.00000000e+00 -1.00000000e+00 -1.00000000e+00
   -1.00000000e+00 -1.00000000e+00 -1.00000000e+00 -1.00000000e+00
   -1.00000000e+00 -1.00000000e+00 -1.00000000e+00 -1.00000000e+00
   -1.00000000e+00]
  [-1.53502241e-01 -1.00000000e+00 -1.00000000e+00 -1.00000000e+00
   -1.00000000e+00  1.32967874e-01  7.18686402e-01  7.07321107e-01
   -1.00000000e+00 -1.00000000e+00 -1.00000000e+00 -1.00000000e+00
   -5.85390866e-01 -1.61267757e-01 -1.00000000e+00  1.45888805e+00
    1.47077012e+00 -1.00000000e+00 -1.96507975e-01  9.44807911e+00
    1.00000000e+00  3.40177281e+05  7.76021805e+01  7.64489746e+01
    3.18270147e-01  1.75685346e-01  2.42271408e-01  3.27041656e-01
   -1.00000000e+00 -1.00000000e+00 -1.00000000e+00 -1.00000000e+00
   -1.00000000e+00 -1.00000000e+00 -1.00000000e+00 -1.00000000e+00
   -1.00000000e+00 -1.00000000e+00 -1.00000000e+00 -1.00000000e+00
    7.66163826e-01  7.53289521e-01 -1.00000000e+00 -1.00000000e+00
   -1.00000000e+00 -1.00000000e+00 -1.00000000e+00 -1.00000000e+00
   -1.00000000e+00 -1.00000000e+00  5.75783432e-01  7.07736635e+00
   -1.00000000e+00 -1.00000000e+00 -1.00000000e+00 -1.00000000e+00
   -1.00000000e+00 -1.00000000e+00 -1.00000000e+00 -1.00000000e+00
   -1.00000000e+00 -1.00000000e+00 -1.00000000e+00 -1.00000000e+00
   -1.00000000e+00 -1.00000000e+00 -1.00000000e+00 -1.00000000e+00
   -1.00000000e+00 -1.00000000e+00 -1.00000000e+00 -1.00000000e+00
   -1.00000000e+00 -1.00000000e+00 -1.00000000e+00 -1.00000000e+00
   -1.00000000e+00 -1.00000000e+00 -1.00000000e+00 -1.00000000e+00
   -1.00000000e+00 -1.00000000e+00 -1.00000000e+00 -1.00000000e+00
   -1.00000000e+00 -1.00000000e+00 -1.00000000e+00 -1.00000000e+00
   -1.00000000e+00 -1.00000000e+00 -1.00000000e+00 -1.00000000e+00
   -1.00000000e+00 -1.00000000e+00 -1.00000000e+00 -1.00000000e+00
   -1.00000000e+00 -1.00000000e+00 -1.00000000e+00 -1.00000000e+00
   -1.00000000e+00 -1.00000000e+00 -1.00000000e+00 -1.00000000e+00
   -1.00000000e+00 -1.00000000e+00 -1.00000000e+00 -1.00000000e+00
   -1.00000000e+00 -1.00000000e+00 -1.00000000e+00 -1.00000000e+00
   -1.00000000e+00]
  [ 8.82658809e-02 -1.00000000e+00 -1.00000000e+00 -1.00000000e+00
   -1.00000000e+00 -1.30733103e-01  8.16866398e-01  8.30093086e-01
   -1.00000000e+00 -1.00000000e+00 -1.00000000e+00 -1.00000000e+00
   -5.60712516e-01 -2.11469010e-01 -1.00000000e+00  1.58712137e+00
    1.41598070e+00 -1.00000000e+00 -1.76013708e-01  9.41861057e+00
    1.00000000e+00  3.12170906e+05  7.16683350e+01  7.44855499e+01
    3.52019548e-01  2.47888148e-01  3.37037921e-01  2.20301524e-01
   -1.00000000e+00 -1.00000000e+00 -1.00000000e+00 -1.00000000e+00
   -1.00000000e+00 -1.00000000e+00 -1.00000000e+00 -1.00000000e+00
   -1.00000000e+00 -1.00000000e+00 -1.00000000e+00 -1.00000000e+00
    6.84171259e-01  7.20724344e-01 -1.00000000e+00 -1.00000000e+00
   -1.00000000e+00 -1.00000000e+00 -1.00000000e+00 -1.00000000e+00
   -1.00000000e+00 -1.00000000e+00  5.72389781e-01  7.52025557e+00
   -1.00000000e+00 -1.00000000e+00 -1.00000000e+00 -1.00000000e+00
   -1.00000000e+00 -1.00000000e+00 -1.00000000e+00 -1.00000000e+00
   -1.00000000e+00 -1.00000000e+00 -1.00000000e+00 -1.00000000e+00
   -1.00000000e+00 -1.00000000e+00 -1.00000000e+00 -1.00000000e+00
   -1.00000000e+00 -1.00000000e+00 -1.00000000e+00 -1.00000000e+00
   -1.00000000e+00 -1.00000000e+00 -1.00000000e+00 -1.00000000e+00
   -1.00000000e+00 -1.00000000e+00 -1.00000000e+00 -1.00000000e+00
   -1.00000000e+00 -1.00000000e+00 -1.00000000e+00 -1.00000000e+00
   -1.00000000e+00 -1.00000000e+00 -1.00000000e+00 -1.00000000e+00
   -1.00000000e+00 -1.00000000e+00 -1.00000000e+00 -1.00000000e+00
   -1.00000000e+00 -1.00000000e+00 -1.00000000e+00 -1.00000000e+00
   -1.00000000e+00 -1.00000000e+00 -1.00000000e+00 -1.00000000e+00
   -1.00000000e+00 -1.00000000e+00 -1.00000000e+00 -1.00000000e+00
   -1.00000000e+00 -1.00000000e+00 -1.00000000e+00 -1.00000000e+00
   -1.00000000e+00 -1.00000000e+00 -1.00000000e+00 -1.00000000e+00
   -1.00000000e+00]
  [-1.38853967e-01 -1.00000000e+00 -1.00000000e+00 -1.00000000e+00
   -1.00000000e+00  1.37059376e-01  8.36916804e-01  7.29503572e-01
   -1.00000000e+00 -1.00000000e+00 -1.00000000e+00 -1.00000000e+00
   -5.48619866e-01 -1.62104815e-01 -1.00000000e+00  1.64979780e+00
    1.67604816e+00 -1.00000000e+00 -1.69688061e-01  1.19472761e+01
    1.00000000e+00  3.18680625e+05  7.97527618e+01  8.05201416e+01
    1.93427131e-01  3.07857931e-01  2.19386637e-01  3.00550520e-01
   -1.00000000e+00 -1.00000000e+00 -1.00000000e+00 -1.00000000e+00
   -1.00000000e+00 -1.00000000e+00 -1.00000000e+00 -1.00000000e+00
   -1.00000000e+00 -1.00000000e+00 -1.00000000e+00 -1.00000000e+00
    7.89403498e-01  7.12714791e-01 -1.00000000e+00 -1.00000000e+00
   -1.00000000e+00 -1.00000000e+00 -1.00000000e+00 -1.00000000e+00
   -1.00000000e+00 -1.00000000e+00  4.08174098e-01  4.87757683e+00
   -1.00000000e+00 -1.00000000e+00 -1.00000000e+00 -1.00000000e+00
   -1.00000000e+00 -1.00000000e+00 -1.00000000e+00 -1.00000000e+00
   -1.00000000e+00 -1.00000000e+00 -1.00000000e+00 -1.00000000e+00
   -1.00000000e+00 -1.00000000e+00 -1.00000000e+00 -1.00000000e+00
   -1.00000000e+00 -1.00000000e+00 -1.00000000e+00 -1.00000000e+00
   -1.00000000e+00 -1.00000000e+00 -1.00000000e+00 -1.00000000e+00
   -1.00000000e+00 -1.00000000e+00 -1.00000000e+00 -1.00000000e+00
   -1.00000000e+00 -1.00000000e+00 -1.00000000e+00 -1.00000000e+00
   -1.00000000e+00 -1.00000000e+00 -1.00000000e+00 -1.00000000e+00
   -1.00000000e+00 -1.00000000e+00 -1.00000000e+00 -1.00000000e+00
   -1.00000000e+00 -1.00000000e+00 -1.00000000e+00 -1.00000000e+00
   -1.00000000e+00 -1.00000000e+00 -1.00000000e+00 -1.00000000e+00
   -1.00000000e+00 -1.00000000e+00 -1.00000000e+00 -1.00000000e+00
   -1.00000000e+00 -1.00000000e+00 -1.00000000e+00 -1.00000000e+00
   -1.00000000e+00 -1.00000000e+00 -1.00000000e+00 -1.00000000e+00
   -1.00000000e+00]]]
